fx
     1.000000    0.000000
     0.994469    0.002894
     0.985367    0.007171
     0.975204    0.011435
     0.963967    0.015694
     0.951655    0.019948
     0.938256    0.024218
     0.923834    0.028530
     0.908554    0.032882
     0.892619    0.037256
     0.876218    0.041644
     0.859506    0.046025
     0.842612    0.050382
     0.825629    0.054698
     0.808623    0.058955
     0.791632    0.063138
     0.774680    0.067236
     0.757776    0.071238
     0.740926    0.075132
     0.724130    0.078912
     0.707387    0.082568
     0.690693    0.086093
     0.674043    0.089482
     0.657434    0.092727
     0.640860    0.095825
     0.624319    0.098769
     0.607805    0.101555
     0.591318    0.104178
     0.574854    0.106635
     0.558412    0.108922
     0.541990    0.111033
     0.525589    0.112967
     0.509209    0.114719
     0.492849    0.116286
     0.476512    0.117665
     0.460199    0.118851
     0.443911    0.119842
     0.427651    0.120635
     0.411422    0.121227
     0.395229    0.121612
     0.379079    0.121789
     0.362980    0.121754
     0.346943    0.121502
     0.330972    0.121029
     0.315074    0.120331
     0.299257    0.119403
     0.283534    0.118242
     0.267915    0.116842
     0.252412    0.115198
     0.237041    0.113308
     0.221823    0.111166
     0.206778    0.108769
     0.191936    0.106114
     0.177327    0.103197
     0.162984    0.100013
     0.148928    0.096558
     0.135188    0.092831
     0.121806    0.088843
     0.108848    0.084618
     0.096416    0.080203
     0.084653    0.075672
     0.073729    0.071118
     0.063786    0.066630
     0.054901    0.062268
     0.047064    0.058057
     0.040209    0.053999
     0.034233    0.050079
     0.029033    0.046287
     0.024514    0.042615
     0.020590    0.039064
     0.017183    0.035636
     0.014225    0.032332
     0.011659    0.029156
     0.009440    0.026119
     0.007530    0.023225
     0.005891    0.020469
     0.004486    0.017835
     0.003288    0.015308
     0.002281    0.012879
     0.001462    0.010555
     0.000820    0.008347
     0.000358    0.006258
     0.000083    0.004264
     0.000001    0.002322
     0.000133    0.000391
     0.000533   -0.001523
     0.001279   -0.003382
     0.002425   -0.005128
     0.003932   -0.006719
     0.005750   -0.008115
     0.007860   -0.009335
     0.010251   -0.010430
     0.012910   -0.011448
     0.015865   -0.012407
     0.019158   -0.013331
     0.022847   -0.014236
     0.027012   -0.015132
     0.031748   -0.016031
     0.037175   -0.016929
     0.043442   -0.017823
     0.050733   -0.018701
     0.059247   -0.019547
     0.069165   -0.020335
     0.080600   -0.021041
     0.093536   -0.021641
     0.107787   -0.022119
     0.123046   -0.022464
     0.138983   -0.022671
     0.155331   -0.022735
     0.171922   -0.022654
     0.188650   -0.022431
     0.205451   -0.022067
     0.222285   -0.021564
     0.239126   -0.020921
     0.255964   -0.020137
     0.272802   -0.019208
     0.289654   -0.018133
     0.306547   -0.016914
     0.323506   -0.015555
     0.340557   -0.014063
     0.357711   -0.012451
     0.374972   -0.010731
     0.392341   -0.008915
     0.409819   -0.007015
     0.427405   -0.005045
     0.445093   -0.003020
     0.462874   -0.000952
     0.480727    0.001142
     0.498616    0.003246
     0.516490    0.005341
     0.534301    0.007409
     0.552018    0.009434
     0.569632    0.011403
     0.587148    0.013307
     0.604575    0.015135
     0.621919    0.016878
     0.639181    0.018527
     0.656360    0.020071
     0.673454    0.021501
     0.690459    0.022807
     0.707369    0.023980
     0.724177    0.025008
     0.740874    0.025881
     0.757449    0.026588
     0.773887    0.027117
     0.790173    0.027454
     0.806285    0.027587
     0.822202    0.027502
     0.837896    0.027183
     0.853341    0.026618
     0.868504    0.025792
     0.883352    0.024692
     0.897843    0.023306
     0.911934    0.021627
     0.925569    0.019650
     0.938690    0.017376
     0.951231    0.014815
     0.963121    0.011986
     0.974290    0.008920
     0.984662    0.005667
     0.994166    0.002289
     1.000000    0.000000
