1.000000    0.000000
0.994694    0.001939
0.985467    0.005635
0.974777    0.009935
0.963209    0.014375
0.951001    0.018696
0.938087    0.022883
0.924379    0.027013
0.910002    0.031128
0.895196    0.035196
0.880115    0.039194
0.864842    0.043108
0.849430    0.046936
0.833932    0.050670
0.818374    0.054307
0.802771    0.057847
0.787148    0.061284
0.771525    0.064613
0.755905    0.067829
0.740300    0.070927
0.724755    0.073893
0.709303    0.076707
0.693902    0.079360
0.678487    0.081860
0.663020    0.084218
0.647499    0.086437
0.631948    0.088518
0.616400    0.090457
0.600859    0.092249
0.585290    0.093894
0.569669    0.095401
0.554012    0.096774
0.538352    0.098008
0.522705    0.099101
0.507070    0.100050
0.491429    0.100854
0.475763    0.101515
0.460073    0.102036
0.444392    0.102418
0.428750    0.102657
0.413142    0.102746
0.397546    0.102683
0.381953    0.102470
0.366373    0.102105
0.350818    0.101588
0.335303    0.100917
0.319836    0.100088
0.304412    0.099097
0.289034    0.097942
0.273715    0.096621
0.258478    0.095130
0.243337    0.093464
0.228299    0.091617
0.213368    0.089583
0.198557    0.087356
0.183901    0.084936
0.169444    0.082318
0.155211    0.079493
0.141226    0.076455
0.127535    0.073203
0.114215    0.069744
0.101368    0.066093
0.089081    0.062260
0.077455    0.058280
0.066660    0.054225
0.056857    0.050162
0.048114    0.046149
0.040418    0.042232
0.033716    0.038461
0.027955    0.034901
0.023057    0.031568
0.018905    0.028433
0.015374    0.025469
0.012369    0.022663
0.009809    0.020004
0.007630    0.017478
0.005780    0.015066
0.004215    0.012754
0.002920    0.010532
0.001894    0.008398
0.001124    0.006347
0.000577    0.004373
0.000210    0.002461
-0.000007    0.000589
-0.000067   -0.001250
0.000106   -0.003027
0.000603   -0.004713
0.001505   -0.006277
0.002784   -0.007689
0.004390   -0.008894
0.006290   -0.009854
0.008504   -0.010612
0.011044   -0.011259
0.013896   -0.011903
0.017088   -0.012540
0.020673   -0.013136
0.024754   -0.013644
0.029508   -0.014049
0.035179   -0.014349
0.042034   -0.014544
0.050298   -0.014599
0.060184   -0.014479
0.071888   -0.014158
0.085319   -0.013637
0.100054   -0.012947
0.115661   -0.012132
0.131796   -0.011233
0.148226   -0.010278
0.164835   -0.009284
0.181569   -0.008269
0.198369   -0.007246
0.215183   -0.006222
0.231983   -0.005203
0.248760   -0.004193
0.265522   -0.003197
0.282280   -0.002214
0.299036   -0.001245
0.315787   -0.000290
0.332533    0.000649
0.349279    0.001573
0.366032    0.002482
0.382808    0.003378
0.399611    0.004266
0.416429    0.005150
0.433242    0.006032
0.450046    0.006919
0.466851    0.007813
0.483665    0.008710
0.500475    0.009604
0.517256    0.010489
0.533981    0.011357
0.550623    0.012200
0.567169    0.013004
0.583628    0.013756
0.600023    0.014449
0.616378    0.015078
0.632721    0.015639
0.649066    0.016134
0.665410    0.016562
0.681737    0.016924
0.698035    0.017215
0.714300    0.017431
0.730532    0.017570
0.746730    0.017627
0.762888    0.017597
0.779001    0.017477
0.795062    0.017262
0.811064    0.016945
0.827000    0.016522
0.842860    0.015985
0.858626    0.015329
0.874273    0.014544
0.889772    0.013623
0.905074    0.012557
0.920107    0.011340
0.934739    0.009970
0.948775    0.008448
0.961973    0.006785
0.974076    0.004992
0.984932    0.003098
0.994476    0.001214
0.999999    0.000000
