1.000 0.000
0.985 0.007
0.972 0.015
0.953 0.023
0.926 0.031
0.896 0.039
0.866 0.047
0.838 0.054
0.810 0.062
0.781 0.069
0.751 0.075
0.721 0.080
0.690 0.084
0.659 0.087
0.627 0.091
0.594 0.094
0.561 0.098
0.528 0.101
0.494 0.103
0.462 0.104
0.430 0.105
0.398 0.104
0.367 0.103
0.336 0.102
0.305 0.099
0.274 0.096
0.244 0.092
0.214 0.088
0.185 0.083
0.157 0.077
0.131 0.071
0.107 0.065
0.086 0.059
0.068 0.052
0.052 0.045
0.040 0.039
0.029 0.033
0.021 0.027
0.015 0.021
0.011 0.015
0.008 0.009
0.006 0.004
0.005 -0.001
0.006 -0.005
0.008 -0.009
0.012 -0.012
0.018 -0.014
0.025 -0.016
0.036 -0.017
0.049 -0.017
0.066 -0.017
0.086 -0.016
0.109 -0.015
0.136 -0.015
0.166 -0.014
0.197 -0.014
0.230 -0.013
0.263 -0.011
0.297 -0.009
0.331 -0.006
0.366 -0.003
0.400 0.000
0.434 0.003
0.468 0.005
0.502 0.007
0.536 0.009
0.570 0.011
0.604 0.013
0.638 0.014
0.672 0.015
0.706 0.015
0.740 0.015
0.772 0.015
0.804 0.015
0.834 0.015
0.864 0.015
0.893 0.014
0.922 0.012
0.946 0.010
0.967 0.007
0.984 0.003
1.000 0.000
